273125.000 3289325.000 -0.543 0.246 -0.340
273175.000 3289325.000 -0.581 0.276 -0.339
273225.000 3289325.000 -0.512 0.252 -0.340
273275.000 3289325.000 -0.527 0.246 -0.337
273325.000 3289325.000 -0.536 0.246 -0.339
273375.000 3289325.000 -0.622 0.249 -0.341
273425.000 3289325.000 -0.592 0.251 -0.341
273475.000 3289325.000 -0.526 0.260 -0.340
273525.000 3289325.000 -0.551 0.249 -0.333
273575.000 3289325.000 -0.570 0.261 -0.337
273125.000 3289375.000 -0.510 0.223 -0.339
273175.000 3289375.000 -0.527 0.235 -0.338
273225.000 3289375.000 -0.564 0.251 -0.336
273275.000 3289375.000 -0.538 0.304 -0.338
273325.000 3289375.000 -0.590 0.256 -0.338
273375.000 3289375.000 -0.592 0.278 -0.332
273425.000 3289375.000 -0.396 0.249 -0.339
273475.000 3289375.000 -0.530 0.217 -0.340
273525.000 3289375.000 -0.486 0.518 -0.341
273575.000 3289375.000 -0.567 0.251 -0.336
273125.000 3289425.000 -0.584 0.275 -0.341
273175.000 3289425.000 -0.553 0.248 -0.338
273225.000 3289425.000 -0.555 0.240 -0.336
273275.000 3289425.000 -0.559 0.274 -0.340
273325.000 3289425.000 -0.521 0.400 -0.333
273375.000 3289425.000 -0.543 0.301 -0.336
273425.000 3289425.000 -0.441 0.315 -0.321
273475.000 3289425.000 -0.624 0.275 -0.336
273525.000 3289425.000 -0.533 0.226 -0.342
273575.000 3289425.000 -0.468 0.250 -0.338
273125.000 3289475.000 -0.603 0.222 -0.339
273175.000 3289475.000 -0.589 0.259 -0.341
273225.000 3289475.000 -0.593 0.272 -0.340
273275.000 3289475.000 -0.572 0.250 -0.341
273325.000 3289475.000 -0.559 0.255 -0.345
273375.000 3289475.000 -0.583 0.260 -0.338
273425.000 3289475.000 -0.515 0.208 -0.337
273475.000 3289475.000 -0.607 0.252 -0.341
273525.000 3289475.000 -0.601 0.326 -0.339
273575.000 3289475.000 -0.614 -0.014 -0.344
273125.000 3289525.000 -0.572 0.258 -0.340
273175.000 3289525.000 -0.566 0.248 -0.339
273225.000 3289525.000 -0.582 0.261 -0.340
273275.000 3289525.000 -0.595 0.253 -0.339
273325.000 3289525.000 -0.578 0.245 -0.340
273375.000 3289525.000 -0.578 0.234 -0.338
273425.000 3289525.000 -0.556 0.272 -0.339
273475.000 3289525.000 -0.446 0.393 -0.335
273525.000 3289525.000 -0.664 0.266 -0.342
273575.000 3289525.000 -0.626 0.506 -0.338
273125.000 3289575.000 -0.569 0.257 -0.340
273175.000 3289575.000 -0.592 0.256 -0.351
273225.000 3289575.000 -0.580 0.238 -0.341
273275.000 3289575.000 -0.563 0.241 -0.338
273325.000 3289575.000 -0.601 0.285 -0.352
273375.000 3289575.000 -0.576 0.228 -0.338
273425.000 3289575.000 -0.572 0.210 -0.339
273475.000 3289575.000 -0.588 0.320 -0.340
273525.000 3289575.000 -0.672 0.276 -0.340
273575.000 3289575.000 -1.061 0.102 -0.341
273125.000 3289625.000 -0.570 0.254 -0.339
273175.000 3289625.000 -0.565 0.209 -0.336
273225.000 3289625.000 -0.575 0.246 -0.339
273275.000 3289625.000 -0.555 0.228 -0.339
273325.000 3289625.000 -0.576 0.246 -0.338
273375.000 3289625.000 -0.559 0.255 -0.341
273425.000 3289625.000 -0.553 0.240 -0.340
273475.000 3289625.000 -0.557 0.301 -0.341
273525.000 3289625.000 -0.494 0.226 -0.339
273575.000 3289625.000 -0.626 0.305 -0.339
273125.000 3289675.000 -0.566 0.231 -0.339
273175.000 3289675.000 -0.569 0.250 -0.338
273225.000 3289675.000 -0.549 0.231 -0.339
273275.000 3289675.000 -0.571 0.233 -0.341
273325.000 3289675.000 -0.533 0.198 -0.344
273375.000 3289675.000 -0.558 0.234 -0.340
273425.000 3289675.000 -0.541 0.226 -0.339
273475.000 3289675.000 -0.577 0.238 -0.341
273525.000 3289675.000 -0.532 0.253 -0.341
273575.000 3289675.000 -0.551 0.229 -0.338
273125.000 3289725.000 -0.552 0.247 -0.337
273175.000 3289725.000 -0.596 0.219 -0.341
273225.000 3289725.000 -0.591 0.352 -0.341
273275.000 3289725.000 -0.519 0.220 -0.338
273325.000 3289725.000 -0.585 0.173 -0.340
273375.000 3289725.000 -0.614 0.286 -0.341
273425.000 3289725.000 -0.609 0.259 -0.339
273475.000 3289725.000 -0.521 0.237 -0.335
273525.000 3289725.000 -0.576 0.277 -0.342
273575.000 3289725.000 -0.581 0.320 -0.339
273125.000 3289775.000 -0.608 0.344 -0.337
273175.000 3289775.000 -0.589 0.352 -0.337
273225.000 3289775.000 -0.648 0.282 -0.341
273275.000 3289775.000 -0.516 0.254 -0.341
273325.000 3289775.000 -0.580 0.206 -0.340
273375.000 3289775.000 -0.548 0.274 -0.341
273425.000 3289775.000 -0.588 0.262 -0.341
273475.000 3289775.000 -0.597 0.229 -0.343
273525.000 3289775.000 -0.660 0.196 -0.342
273575.000 3289775.000 -0.552 0.237 -0.337
